6.0 0.2404 0.2437 0.3313 0.4031 0.4676 0.5170 0.4475 0.0593 -0.1751
3.0 0.0000 0.0989 0.1057 0.0844 0.2397 0.1421 0.0705 0.3833 -0.1175
3.0 0.0424 0.0463 0.0948 0.0878 0.4211 0.2535 0.1725 0.524 -0.3645
6.0 0.0 0.2201 0.2835 0.348 0.4079 0.469 0.4311 0.0634 -0.1972
7.0 0.0 1.6 0.4546 0.4598 0.5569 0.5526 0.4816 0.0764 -0.0778
8.0 0.1347 0.151 0.1896 0.2458 0.3513 0.3833 0.3105 0.1413 -0.2705
6.0 0.1513 0.1722 0.2952 0.456 0.5449 0.6717 0.5977 0.0711 -0.3115
6.0 0.0 0.0834 0.1063 0.1127 0.1598 0.2399 0.1912 0.1383 -0.3087
1.0 0.0175 0.0175 0.0401 0.0456 0.2112 0.156 0.084 0.5159 -0.4728
3.0 0.0221 0.0292 0.0702 0.0985 0.2325 0.2081 0.1571 0.3239 -0.3964
0.0 0.0 0.029 0.058 0.0343 0.4522 0.1728 0.0731 0.6872 -0.3979
5.0 0.0537 0.0456 0.0547 0.0515 0.0635 0.0352 0.0208 0.0835 0.1735
2.0 0.0 0.0309 0.0316 0.0238 0.1091 0.0394 0.0129 0.5135 -0.0879
2.0 0.0 0.0586 0.0846 0.068 0.2109 0.1109 0.0682 0.4099 -0.1076
8.0 0.1169 0.1224 0.1894 0.2539 0.3206 0.348 0.3333 0.0929 -0.2361
6.0 0.1573 0.1707 0.2504 0.3274 0.4434 0.5622 0.4083 0.1204 -0.307
2.0 0.041 0.0394 0.0702 0.0781 0.2405 0.2449 0.1467 0.4078 -0.4435
6.0 0.0 0.1205 0.2327 0.4255 0.5308 0.6548 0.5752 0.0881 -0.3805
2.0 0.01 0.0129 0.0515 0.0499 0.2817 0.1974 0.1181 0.5592 -0.4689
6.0 0.0433 0.0483 0.1118 0.2632 0.3532 0.5159 0.4651 0.1168 -0.515
9.0 1.5905 1.5246 1.572 1.5898 1.3606 0.1091 0.1151 -0.0621 0.6962
3.0 0.0154 0.0264 0.0638 0.1001 0.2061 0.2384 0.1783 0.2769 -0.4622
1.0 0.0849 0.0671 0.068 0.051 0.3203 0.1388 0.0532 0.5802 -0.2739
2.0 0.0184 0.0218 0.0602 0.0777 0.2979 0.2319 0.1292 0.469 -0.4702
6.0 0.0279 0.0254 0.0414 0.0584 0.0892 0.1419 0.1448 0.1669 -0.4386
6.0 0.1414 0.1658 0.3165 0.4949 0.5747 0.7121 0.6975 0.0597 -0.3077
3.0 0.0246 0.0262 0.076 0.0638 0.4111 0.247 0.1275 0.585 -0.4235
3.0 0.0334 0.0257 0.0431 0.0356 0.2732 0.1521 0.0815 0.6155 -0.4467
6.0 0.1867 0.2065 0.3437 0.5012 0.5781 0.6564 0.5539 0.057 -0.2501
3.0 0.0 -0.9999 -0.9999 -0.9999 -0.9999 -0.9999 -0.9999 -0.9999 -0.9999
5.0 0.0 0.1414 0.2092 0.1738 0.1262 0.0891 0.0738 -0.1269 0.3221
2.0 0.0 0.0304 0.0633 0.0463 0.2891 0.1764 0.0867 0.5791 -0.3775
1.0 0.0091 0.0066 0.0333 0.0314 0.2288 0.1372 0.0662 0.6069 -0.4875
6.0 0.1421 0.1592 0.2852 0.4288 0.5358 0.6864 0.6247 0.0887 -0.3303
6.0 0.1181 0.1324 0.2563 0.4101 0.4927 0.6346 0.5786 0.0732 -0.3397
8.0 0.0653 0.0652 0.1224 0.1624 0.2284 0.2868 0.2316 0.1351 -0.3214
6.0 0.1106 0.1172 0.1905 0.2901 0.3764 0.5612 0.5205 0.1036 -0.3945
3.0 0.0 -0.9999 -0.9999 -0.9999 -0.9999 -0.9999 -0.9999 -0.9999 -0.9999
1.0 0.0091 0.008 0.0406 0.0225 0.4811 0.1932 0.0857 0.7285 -0.5222
2.0 0.0261 0.0187 0.0259 0.0296 0.0564 0.0259 0.019 0.2493 0.0
8.0 0.3758 0.3945 0.4368 0.4865 0.4659 0.6334 0.6996 -0.0173 -0.147
1.0 0.0545 0.0615 0.1201 0.1699 0.3508 0.2969 0.238 0.2779 -0.3392
2.0 0.0706 0.0819 0.1443 0.214 0.2781 0.3212 0.2346 0.1042 -0.304
6.0 0.1414 0.1709 0.3441 0.5597 0.6604 0.788 0.7206 0.066 -0.3137
5.0 0.0021 -0.0089 -0.0183 -0.0132 -0.0033 0.0072 0.0075 0.0 -0.8
6.0 0.0873 0.0917 0.152 0.2258 0.2733 0.3869 0.3656 0.0761 -0.3487
3.0 0.0534 0.0498 0.0663 0.0697 0.1929 0.1755 0.0981 0.3753 -0.3613
6.0 0.0967 0.1095 0.2043 0.3172 0.3777 0.4971 0.4523 0.0697 -0.334
7.0 0.0 1.6 1.6 1.6 0.7612 1.6 0.4327 -0.2842 0.0
5.0 0.0592 0.064 0.1179 0.1565 0.0687 0.0273 0.0222 -0.3119 0.4992
5.0 0.0 0.1405 0.1384 0.1304 0.2079 0.1461 0.117 0.1833 -0.0217
5.0 0.0585 0.0589 0.1037 0.075 0.0515 0.0097 0.0052 -0.1486 0.6631
2.0 0.0448 0.0409 0.0673 0.0651 0.2742 0.187 0.0978 0.493 -0.3766
3.0 0.0742 0.0673 0.0929 0.107 0.2818 0.299 0.2002 0.3597 -0.4207
7.0 0.9791 0.9278 0.9277 0.9473 0.9073 0.1804 0.2159 -0.0173 0.5395
6.0 0.1283 0.1442 0.2451 0.3606 0.4817 0.6633 0.6025 0.115 -0.3683
3.0 0.054 0.05 0.0661 0.0674 0.2096 0.1389 0.0899 0.4107 -0.2841
6.0 0.1009 0.1179 0.2052 0.3 0.362 0.4397 0.4151 0.0749 -0.2909
7.0 0.0 0.2819 0.2905 0.277 0.4862 0.3239 0.254 0.2193 -0.0435
6.0 0.1548 0.1484 0.1668 0.1865 0.2224 0.2364 0.1568 0.0702 -0.1381
7.0 0.7194 0.6774 0.6858 0.6932 0.7256 0.5726 0.4137 0.0183 0.072
1.0 0.1512 0.1369 0.1531 0.1452 0.3812 0.2359 0.1622 0.3587 -0.1703
1.0 0.0 0.1584 0.1856 0.1763 0.3642 0.2999 0.252 0.2781 -0.1883
0.0 0.1103 0.0994 0.1392 0.1421 0.3099 0.2763 0.1936 0.297 -0.264
8.0 0.0651 0.0675 0.1102 0.1533 0.2064 0.2243 0.212 0.1181 -0.2729
0.0 0.048 0.0493 0.0883 0.1042 0.2798 0.2819 0.2048 0.3658 -0.4184
5.0 0.0532 0.0484 0.081 0.0539 0.0633 0.0319 0.0199 0.0642 0.3479
8.0 0.079 0.08 0.13 0.1747 0.2503 0.331 0.2839 0.1423 -0.3488
1.0 0.0155 0.0102 0.0259 0.0165 0.2917 0.0952 0.0349 0.7143 -0.4578
3.0 0.0398 0.0362 0.064 0.0706 0.2145 0.1816 0.1293 0.4038 -0.3831
3.0 0.0414 0.0401 0.0858 0.1611 0.3737 0.4082 0.2989 0.318 -0.5221
7.0 0.2017 0.1772 0.2083 0.1973 0.3185 0.2384 0.1892 0.188 -0.0539
2.0 0.0 0.1034 0.1823 0.2609 0.4259 0.4296 0.3492 0.1922 -0.3233
0.0 -0.0162 -0.0183 0.0089 0.0027 0.3068 0.1238 0.073 0.786 -0.6927
6.0 0.1869 0.2044 0.3117 0.4176 0.4715 0.5496 0.5196 0.0485 -0.221
1.0 0.0 0.0154 0.0259 0.0112 0.2861 0.1209 0.0423 0.7397 -0.5177
0.0 0.1161 0.1054 0.1148 0.101 0.3997 0.1737 0.1016 0.4773 -0.1633
2.0 -0.0111 -0.0102 0.0011 0.0057 0.0522 0.0462 0.0267 0.6425 -0.7628
7.0 0.5663 0.5299 0.5303 0.5364 0.6303 0.5141 0.3996 0.0644 0.0124
2.0 0.0 0.1282 0.1815 0.2485 0.3436 0.3399 0.2511 0.1285 -0.243
7.0 0.7355 0.6966 0.6852 0.6936 0.7478 0.5689 0.4277 0.0301 0.0742
7.0 0.4409 0.4022 0.395 0.3853 0.4523 0.3059 0.1939 0.064 0.1017
6.0 0.1869 0.1928 0.3 0.4782 0.5918 0.668 0.6045 0.0849 -0.3041
1.0 0.0343 0.0233 0.0306 0.0223 0.1897 0.0768 0.0309 0.6317 -0.3441
6.0 0.1918 0.2193 0.3527 0.4759 0.5862 0.7142 0.63 0.0831 -0.2711
0.0 0.0 0.1597 0.1833 0.1659 0.4463 0.2837 0.1703 0.3664 -0.172
7.0 0.0 1.6 1.6 1.6 0.8942 0.68 0.517 -0.2264 0.3228
7.0 0.8844 0.8429 0.8509 0.8726 0.8521 0.1751 0.2143 -0.0095 0.5269
7.0 0.4812 0.4545 0.4504 0.4645 0.5013 0.3642 0.2967 0.0305 0.0847
6.0 0.1076 0.1312 0.2736 0.4661 0.5659 0.7054 0.6777 0.0774 -0.3528
3.0 0.0382 0.0349 0.073 0.1249 0.3094 0.3655 0.2746 0.3399 -0.5336
0.0 0.0388 0.0348 0.0749 0.0709 0.3801 0.221 0.1428 0.5485 -0.395
8.0 0.1162 0.1187 0.173 0.222 0.3099 0.351 0.2914 0.1322 -0.2718
6.0 0.0734 0.0878 0.1857 0.3137 0.3808 0.4798 0.4476 0.0773 -0.3535
0.0 0.0 0.0406 0.0689 0.0486 0.3473 0.1766 0.0751 0.6036 -0.351
2.0 0.0 0.2556 0.2729 0.2686 0.3517 0.3206 0.2607 0.1072 -0.0643
6.0 0.3057 0.3145 0.3984 0.4685 0.5789 0.5874 0.527 0.0843 -0.1534
6.0 0.1002 0.1163 0.2315 0.3964 0.486 0.5964 0.5967 0.0812 -0.3526
1.0 0.0689 0.0598 0.078 0.0657 0.2804 0.1426 0.0703 0.4963 -0.2343
7.0 0.5671 0.5336 0.5329 0.5449 0.6233 0.5267 0.4036 0.0537 0.0047